0.999994725 0.001017591 0.003084641 0.000485853 -0.001020100 0.999999150 0.000812097 -0.003470641 -0.003083812 -0.000815239 0.999994913 0.169269547
0.999990365 0.000360163 0.004374866 -0.000424999 -0.000365783 0.999999109 0.001284039 -0.004759998 -0.004374400 -0.001285627 0.999989606 0.224906962
0.999988947 0.000344184 0.004689063 -0.000073557 -0.000349240 0.999999359 0.001077494 -0.005442606 -0.004688689 -0.001079119 0.999988426 0.280941511
0.999976723 0.001001899 0.006749105 0.000066877 -0.000998925 0.999999402 -0.000444028 -0.006162978 -0.006749545 0.000437276 0.999977126 0.339189375
0.999974254 0.000629122 0.007148050 -0.000431703 -0.000626745 0.999999748 -0.000334749 -0.007901415 -0.007148259 0.000330261 0.999974396 0.395670227
0.999969786 0.000042358 0.007773433 0.001058469 -0.000044585 0.999999958 0.000286222 -0.007525847 -0.007773421 -0.000286560 0.999969745 0.450288214
0.999971060 -0.001559430 0.007446293 -0.000367910 0.001551791 0.999998264 0.001031543 -0.008258356 -0.007447889 -0.001019958 0.999971744 0.505538113
0.999989081 -0.001999713 0.004223622 0.001114807 0.001997669 0.999997886 0.000488058 -0.009391503 -0.004224589 -0.000479615 0.999990961 0.565465127
0.999995070 -0.002462252 0.001948564 0.000751580 0.002458742 0.999995355 0.001801294 -0.012562284 -0.001952990 -0.001796494 0.999996479 0.617134006
0.999999531 -0.000968556 0.000019103 0.002459827 0.000968549 0.999999467 0.000357502 -0.011881767 -0.000019449 -0.000357483 0.999999936 0.673429413
0.999999448 -0.000786514 0.000696798 -0.000930292 0.000785758 0.999999103 0.001084573 -0.014299443 -0.000697650 -0.001084025 0.999999169 0.729406721
0.999998919 -0.000665971 -0.001311000 0.000862976 0.000666625 0.999999654 0.000498237 -0.014110000 0.001310667 -0.000499110 0.999999017 0.772243280
0.999998668 -0.001312575 -0.000970317 -0.000231828 0.001314194 0.999997742 0.001669968 -0.015417211 0.000968123 -0.001671241 0.999998135 0.827725579
0.999996272 -0.001440888 -0.002319339 0.000191115 0.001443413 0.999998367 0.001087153 -0.015757628 0.002317769 -0.001090497 0.999996719 0.882245793
0.999997137 -0.000590135 -0.002319021 0.000048011 0.000590305 0.999999823 0.000072554 -0.017051080 0.002318978 -0.000073923 0.999997308 0.939653845
0.999995073 -0.000698922 -0.003060341 0.001050405 0.000693828 0.999998372 -0.001665463 -0.016819479 0.003061500 0.001663332 0.999993930 0.996584784
0.999995241 0.000901455 -0.002950459 -0.001098327 -0.000902020 0.999999575 -0.000190244 -0.018682669 0.002950286 0.000192905 0.999995629 1.047724453
0.999980155 -0.000774236 -0.006252222 0.000774750 0.000781377 0.999999045 0.001139823 -0.020662698 0.006251333 -0.001144686 0.999979805 1.102148319
0.999979181 -0.001260660 -0.006328360 -0.001220675 0.001254474 0.999998732 -0.000981407 -0.020782181 0.006329589 0.000973448 0.999979494 1.157936467
0.999977205 -0.001053416 -0.006669266 -0.002285148 0.001045502 0.999998745 -0.001190118 -0.020220560 0.006670511 0.001183119 0.999977052 1.212701321
0.999967723 -0.002792641 -0.007533514 -0.002395693 0.002804757 0.999994790 0.001598192 -0.022685878 0.007529011 -0.001619270 0.999970346 1.267208736
0.999969796 -0.000965298 -0.007712045 -0.004595826 0.000986158 0.999995865 0.002701477 -0.024122676 0.007709406 -0.002709001 0.999966613 1.322788720
0.999952319 -0.005700349 -0.007928844 -0.004048032 0.005695450 0.999983576 -0.000640243 -0.024790287 0.007932363 0.000595055 0.999968361 1.379312665
0.999980760 0.000235538 -0.006198738 -0.008151310 -0.000242294 0.999999378 -0.001089155 -0.025017416 0.006198478 0.001090636 0.999980194 1.429618591
0.999969030 -0.001043879 -0.007800557 -0.006904261 0.001036041 0.999998954 -0.001008842 -0.026581111 0.007801602 0.001000729 0.999969066 1.489335253
0.999957379 -0.003898892 -0.008368863 -0.008618405 0.003877755 0.999989255 -0.002540426 -0.025313539 0.008378678 0.002507865 0.999961753 1.542698295
0.999966029 -0.005545010 -0.006098679 -0.015123104 0.005513104 0.999971094 -0.005236071 -0.021557624 0.006127537 0.005202270 0.999967694 1.590279714
0.999909067 -0.003722887 -0.012961423 -0.006617976 0.003712285 0.999992755 -0.000841892 -0.028581215 0.012964464 0.000793698 0.999915643 1.646133546
0.999906320 -0.003682006 -0.013183063 -0.006638103 0.003693950 0.999992789 0.000881798 -0.031447245 0.013179721 -0.000930413 0.999912711 1.699660649
0.999914867 -0.004175060 -0.012362324 -0.009306758 0.004176701 0.999991272 0.000106921 -0.030821719 0.012361770 -0.000158546 0.999923578 1.750544813
0.999940370 -0.004982658 -0.009717493 -0.012159847 0.004988804 0.999987371 0.000608304 -0.031118143 0.009714339 -0.000656746 0.999952599 1.801441620
0.999913788 -0.004860249 -0.012198120 -0.008451176 0.004874636 0.999987458 0.001149917 -0.032841744 0.012192378 -0.001209279 0.999924939 1.856787905
0.999897704 -0.004895610 -0.013439315 -0.008037038 0.004911916 0.999987240 0.001180578 -0.034125555 0.013433364 -0.001246470 0.999908991 1.909067692
0.999873325 -0.006238624 -0.014642869 -0.006448948 0.006264751 0.999978864 0.001739089 -0.036310432 0.014631710 -0.001830603 0.999891275 1.967826905
0.999959479 0.002982592 -0.008493755 -0.015787519 -0.002974705 0.999995133 0.000941112 -0.031607605 0.008496520 -0.000915807 0.999963485 2.021965842
0.999981063 0.000735842 -0.006110019 -0.021048706 -0.000705992 0.999987813 0.004886175 -0.033575607 0.006113540 -0.004881769 0.999969396 2.070065724
0.999974185 0.001948737 -0.006916115 -0.014626358 -0.001904361 0.999977597 0.006417086 -0.034501966 0.006928465 -0.006403750 0.999955493 2.132208690
0.999999963 0.000255937 0.000097259 -0.024922083 -0.000256915 0.999948016 0.010193068 -0.035076551 -0.000094645 -0.010193093 0.999948045 2.183202748
0.999999655 -0.000014452 0.000830966 -0.023815572 0.000004674 0.999930787 0.011765261 -0.035368270 -0.000831078 -0.011765253 0.999930442 2.236052443
0.999996666 -0.000941804 0.002404550 -0.023680685 0.000919703 0.999957476 0.009176042 -0.034901590 -0.002413090 -0.009173800 0.999955008 2.291752619
0.999997213 -0.002358550 0.000102329 -0.020131863 0.002357612 0.999962277 0.008359795 -0.036583815 -0.000122042 -0.008359531 0.999965051 2.346491707
0.999995433 -0.000795639 0.002915638 -0.022428505 0.000769621 0.999959974 0.008913884 -0.037702668 -0.002922614 -0.008911599 0.999956020 2.397179537
0.999994614 -0.003110292 0.001047774 -0.021263914 0.003102393 0.999967377 0.007457943 -0.037585251 -0.001070936 -0.007454653 0.999971640 2.456287162
0.999989249 -0.004636228 -0.000084175 -0.021374649 0.004636636 0.999972617 0.005767823 -0.037477767 0.000057432 -0.005768152 0.999983362 2.511339036
0.999996081 -0.002509885 -0.001240629 -0.022342877 0.002519910 0.999963646 0.008145912 -0.039864645 0.001220139 -0.008149006 0.999966052 2.563122783
0.999983903 -0.003525052 -0.004446166 -0.021220936 0.003564359 0.999954361 0.008863997 -0.039428596 0.004414717 -0.008879702 0.999950829 2.617966134
0.999979738 -0.002649876 -0.005788152 -0.020716876 0.002696046 0.999964497 0.007983493 -0.038203193 0.005766791 -0.007998936 0.999951379 2.673850439
0.999961054 0.001698940 -0.008660480 -0.018515803 -0.001636042 0.999972274 0.007264547 -0.038020632 0.008672582 -0.007250095 0.999936109 2.730051509
0.999979273 -0.000042494 -0.006438356 -0.022255130 0.000088208 0.999974791 0.007100023 -0.038371094 0.006437892 -0.007100444 0.999954068 2.781242953
0.999975211 -0.000755118 -0.007000545 -0.022494253 0.000806484 0.999972755 0.007337520 -0.039930923 0.006994814 -0.007342984 0.999948575 2.838678120
0.999968064 -0.002211105 -0.007679977 -0.022603415 0.002262675 0.999974910 0.006712694 -0.040481747 0.007664942 -0.006729857 0.999947977 2.892337293
0.999951101 -0.004374754 -0.008868853 -0.022742638 0.004459901 0.999943938 0.009603683 -0.042915394 0.008826342 -0.009642768 0.999914553 2.946543737
0.999963672 -0.001869435 -0.008316261 -0.023757107 0.001946090 0.999955611 0.009218923 -0.041104845 0.008298658 -0.009234772 0.999922923 3.002088867
0.999955666 -0.001460586 -0.009302328 -0.024266590 0.001533102 0.999968458 0.007793131 -0.041945319 0.009290652 -0.007807047 0.999926364 3.058165600
0.999949770 0.000317821 -0.010017810 -0.024767369 -0.000250860 0.999977625 0.006684818 -0.043079800 0.010019711 -0.006681970 0.999927476 3.112774230
0.999935292 0.001349237 -0.011295611 -0.024463896 -0.001254726 0.999964184 0.008369999 -0.044858798 0.011306500 -0.008355284 0.999901171 3.167503271
0.999942741 0.004062059 -0.009900196 -0.027224635 -0.003989942 0.999965443 0.007293343 -0.044238611 0.009929480 -0.007253424 0.999924394 3.221266643
0.999953661 0.004356309 -0.008584806 -0.028316557 -0.004282682 0.999954053 0.008576214 -0.045036859 0.008621772 -0.008539051 0.999926372 3.276337697
0.999974892 0.003083354 -0.006380273 -0.031611510 -0.003021143 0.999948027 0.009737317 -0.046459655 0.006409965 -0.009717797 0.999932236 3.327751120
0.999958562 0.006808141 -0.006043548 -0.030259656 -0.006747371 0.999927040 0.010019370 -0.046036879 0.006111321 -0.009978177 0.999931542 3.383924156
0.999983367 0.004543776 -0.003552491 -0.030276536 -0.004514694 0.999956579 0.008152097 -0.047370980 0.003589378 -0.008135923 0.999960461 3.433674326
0.999999375 0.001009907 -0.000479362 -0.030797424 -0.001008232 0.999993428 0.003482478 -0.047742433 0.000482876 -0.003481993 0.999993821 3.486511942
0.999998495 0.001699220 0.000349175 -0.029965931 -0.001700073 0.999995538 0.002456555 -0.048684397 -0.000344999 -0.002457145 0.999996922 3.540230011
0.999986032 0.003988511 0.003468098 -0.030118422 -0.004004746 0.999980996 0.004687179 -0.048788071 -0.003449338 -0.004701002 0.999983001 3.596031706
0.999961077 0.006496358 0.005970113 -0.028969818 -0.006512376 0.999975237 0.002667406 -0.046973506 -0.005952636 -0.002706181 0.999978621 3.653560454
0.999924561 0.007612057 0.009639976 -0.028846222 -0.007625194 0.999970048 0.001326778 -0.049276498 -0.009629588 -0.001400184 0.999952654 3.710708906
0.999882949 0.006345598 0.013921983 -0.027748876 -0.006330201 0.999979303 -0.001149767 -0.049671906 -0.013928991 0.001061503 0.999902423 3.757807039
0.999841730 0.004230005 0.017280670 -0.028822348 -0.004173678 0.999985864 -0.003294296 -0.052612829 -0.017294361 0.003221651 0.999845251 3.827078982
0.999780085 0.003981009 0.020589649 -0.027167205 -0.003878472 0.999979891 -0.005017542 -0.053168528 -0.020609210 0.004936582 0.999775420 3.879624607
0.999680595 0.005033961 0.024766259 -0.027149199 -0.004950038 0.999981802 -0.003448727 -0.055276349 -0.024783169 0.003325032 0.999687320 3.930570458
0.999562808 0.003885338 0.029310371 -0.025953321 -0.003845434 0.999991601 -0.001417662 -0.056547017 -0.029315633 0.001304331 0.999569353 3.980163291
0.999460715 0.004511644 0.032525751 -0.023231600 -0.004320587 0.999973013 -0.005941933 -0.055843201 -0.032551681 0.005798199 0.999453235 4.036425907
0.999372503 0.004563235 0.035125155 -0.021710976 -0.004323826 0.999966924 -0.006888840 -0.059066701 -0.035155429 0.006732642 0.999359178 4.091607730
0.999252118 0.003974030 0.038463133 -0.019223508 -0.003667158 0.999960909 -0.008045624 -0.059848453 -0.038493603 0.007898556 0.999227629 4.144852732
0.999196058 0.001525046 0.040061351 -0.013746276 -0.001311195 0.999984755 -0.005363821 -0.061133246 -0.040068920 0.005306981 0.999182825 4.194700106
0.999068825 0.001849823 0.043105225 -0.012265585 -0.001671504 0.999989898 -0.004172489 -0.061554589 -0.043112508 0.004096553 0.999061825 4.248566770
0.998922423 0.000243539 0.046410479 -0.013262467 -0.000089705 0.999994496 -0.003316691 -0.062212445 -0.046411031 0.003308953 0.998916947 4.297315024
0.998833126 -0.000290080 0.048293919 -0.007889109 0.000383041 0.999998092 -0.001915656 -0.062983096 -0.048293272 0.001931920 0.998831331 4.351967172
0.998730079 0.000063819 0.050380803 -0.005010008 0.000147521 0.999991206 -0.004191126 -0.062335861 -0.050380628 0.004193236 0.998721287 4.401218016
0.998682389 -0.002038702 0.051276998 -0.000500299 0.002455379 0.999964468 -0.008064323 -0.062314443 -0.051258735 0.008179602 0.998651909 4.452361040
0.998583759 -0.001595211 0.053178303 0.001373487 0.002082306 0.999956376 -0.009105506 -0.066412588 -0.053161457 0.009203344 0.998543518 4.508716768
0.998468507 -0.001485021 0.055303125 0.003587605 0.002096384 0.999937318 -0.010998381 -0.066795139 -0.055283326 0.011097474 0.998409034 4.561530453
0.998489369 -0.001377662 0.054927972 0.006868114 0.001942736 0.999945729 -0.010235469 -0.068090682 -0.054910890 0.010326717 0.998437856 4.614060854
0.998431337 -0.002217209 0.055945943 0.005885220 0.002683936 0.999962212 -0.008268702 -0.070225570 -0.055925495 0.008405887 0.998399559 4.671708057
0.998471608 -0.003232077 0.055172470 0.007967432 0.003611257 0.999970533 -0.006774316 -0.071821804 -0.055148949 0.006963204 0.998453858 4.725461136
0.998614571 -0.003008362 0.052534648 0.010343213 0.003300363 0.999979580 -0.005472398 -0.073427253 -0.052517113 0.005638200 0.998604108 4.778894333
0.998708327 -0.002642158 0.050741472 0.013030809 0.002893423 0.999983911 -0.004879056 -0.074139806 -0.050727764 0.005019570 0.998699904 4.832260650
0.998859764 -0.001759817 0.047708228 0.015464365 0.002018519 0.999983518 -0.005374966 -0.074281998 -0.047697983 0.005465137 0.998846852 4.886088896
0.999049445 -0.000963393 0.043580710 0.017697291 0.001209720 0.999983441 -0.005626175 -0.075786148 -0.043574568 0.005673547 0.999034067 4.941714075
0.999199138 -0.000611844 0.040008853 0.018532456 0.000795386 0.999989233 -0.004571758 -0.078111153 -0.040005625 0.004599919 0.999188866 4.996073676
0.999354809 0.000084364 0.035915993 0.020731077 0.000051686 0.999992828 -0.003787070 -0.079219782 -0.035916054 0.003786483 0.999347637 5.058196857
0.999466743 -0.000696618 0.032645734 0.020442975 0.000779206 0.999996528 -0.002517179 -0.080337892 -0.032643867 0.002541275 0.999463816 5.111679594
0.999621999 0.000326443 0.027490940 0.022982668 -0.000263984 0.999997376 -0.002275586 -0.081430072 -0.027491610 0.002267469 0.999619463 5.166110380
0.999737914 0.000437188 0.022889140 0.023624522 -0.000379017 0.999996688 -0.002545702 -0.080980452 -0.022890177 0.002536360 0.999734768 5.222774512
0.999832169 0.002026070 0.018207917 0.025291480 -0.001992666 0.999996299 -0.001852548 -0.084361760 -0.018211603 0.001815954 0.999832506 5.277854067
0.999909509 0.001665847 0.013349084 0.025596414 -0.001635348 0.999996029 -0.002295266 -0.085344385 -0.013352854 0.002273228 0.999908263 5.336765230
0.999964222 0.003014494 0.007903601 0.026873371 -0.002991789 0.999991369 -0.002883052 -0.086115489 -0.007912224 0.002859303 0.999964610 5.391754656
0.999979178 0.004518289 0.004607546 0.025476622 -0.004508192 0.999987419 -0.002199461 -0.088466958 -0.004617425 0.002178643 0.999986966 5.446457593
0.999980650 0.005897887 0.001978507 0.024423858 -0.005891727 0.999977822 -0.003105190 -0.088209457 -0.001996777 0.003093473 0.999993222 5.503217282
0.999966269 0.008094359 0.001393639 0.023308563 -0.008088975 0.999959961 -0.003826814 -0.089193431 -0.001424559 0.003815412 0.999991707 5.558920116
0.999956874 0.009284459 0.000221457 0.022221088 -0.009283678 0.999951461 -0.003299982 -0.090167129 -0.000252084 0.003297784 0.999994531 5.613570004
0.999957097 0.009247545 -0.000535690 0.021475396 -0.009248951 0.999953628 -0.002683182 -0.090524759 0.000510852 0.002688021 0.999996257 5.674728036
0.999955311 0.009253790 -0.001934935 0.022285157 -0.009257007 0.999955775 -0.001660304 -0.092646275 0.001919485 0.001678141 0.999996750 5.730847568
0.999921603 0.012127563 -0.003116223 0.021248361 -0.012126415 0.999926397 0.000387125 -0.094194501 0.003120689 -0.000349306 0.999995070 5.789083995
0.999915584 0.012776437 -0.002363891 0.018590045 -0.012767959 0.999912122 0.003567623 -0.094952040 0.002409265 -0.003537139 0.999990842 5.845002197
0.999914524 0.012822078 -0.002557260 0.019067880 -0.012814809 0.999913857 0.002838896 -0.095159840 0.002593440 -0.002805883 0.999992701 5.899897437
0.999906138 0.013253862 -0.003471253 0.018840807 -0.013249219 0.999911304 0.001356966 -0.095788850 0.003488931 -0.001310848 0.999993054 5.955631007
0.999955023 0.009131229 -0.002563788 0.014906132 -0.009128889 0.999957905 0.000922927 -0.094976116 0.002572107 -0.000899481 0.999996288 6.016036654
0.999965945 0.007432446 -0.003587018 0.015614060 -0.007423392 0.999969243 0.002531072 -0.096054183 0.003605719 -0.002504358 0.999990363 6.069916298
0.999986791 0.003893160 -0.003355668 0.013905961 -0.003870886 0.999970602 0.006618993 -0.099644516 0.003381338 -0.006605916 0.999972464 6.127371134
0.999992593 0.002820379 -0.002619009 0.014722228 -0.002802300 0.999972399 0.006881069 -0.098263725 0.002638344 -0.006873678 0.999972895 6.182826148
0.999993174 -0.001609307 -0.003326110 0.015404982 0.001622276 0.999991079 0.003900003 -0.097340163 0.003319804 -0.003905372 0.999986863 6.241984409
0.999988016 -0.003868090 -0.003000947 0.015245261 0.003878496 0.999986459 0.003469794 -0.098349337 0.002987485 -0.003481392 0.999989477 6.299621323
0.999983296 -0.005297679 -0.002311251 0.014401071 0.005301500 0.999984585 0.001650133 -0.096944924 0.002302474 -0.001662358 0.999995968 6.358148361
0.999983377 -0.004685489 -0.003360294 0.016236754 0.004697548 0.999982523 0.003589939 -0.099005142 0.003343415 -0.003605665 0.999987910 6.417410456
0.999966468 -0.006617693 -0.004823886 0.018005552 0.006640502 0.999966776 0.004727651 -0.098218353 0.004792439 -0.004759525 0.999977189 6.480790312
0.999990403 -0.002825277 -0.003348373 0.015828707 0.002849126 0.999970455 0.007139450 -0.100167121 0.003328103 -0.007148921 0.999968908 6.535046373
0.999994235 -0.002506508 -0.002290859 0.014373806 0.002517456 0.999985364 0.004788879 -0.100632155 0.002278822 -0.004794618 0.999985909 6.594673447
0.999999355 -0.001008856 0.000522372 0.011844582 0.001006718 0.999991175 0.004078808 -0.103673951 -0.000526482 -0.004078279 0.999991545 6.650706190
0.999994736 -0.002186159 0.002397737 0.009129672 0.002183957 0.999997191 0.000920622 -0.104339659 -0.002399743 -0.000915381 0.999996702 6.714747283
0.999996784 -0.001802071 0.001784560 0.010650041 0.001806251 0.999995623 -0.002343408 -0.107085853 -0.001780330 0.002346624 0.999995662 6.777921957
0.999994105 -0.001423833 0.003124539 0.008648396 0.001441818 0.999982365 -0.005761188 -0.107717215 -0.003116281 0.005765659 0.999978523 6.825463279
0.999994326 -0.002103816 0.002630906 0.010631860 0.002121562 0.999974897 -0.006760553 -0.109119025 -0.002616617 0.006766096 0.999973686 6.884691616
0.999992391 -0.003424669 0.001868307 0.010530315 0.003437558 0.999970012 -0.006939660 -0.110325378 -0.001844484 0.006946030 0.999974175 6.943617109
0.999983969 -0.005504216 0.001328830 0.008963549 0.005513437 0.999960033 -0.007038119 -0.109166109 -0.001290037 0.007045333 0.999974349 7.006461228
0.999995394 -0.002071488 0.002218233 0.008674635 0.002082493 0.999985478 -0.004970665 -0.113612587 -0.002207904 0.004975261 0.999985186 7.061473184
0.999999009 0.001289683 0.000565191 0.011259213 -0.001287846 0.999993928 -0.003238119 -0.116385718 -0.000569363 0.003237388 0.999994598 7.118847963
0.999997164 -0.001300609 -0.001994854 0.014180832 0.001290393 0.999986093 -0.005113492 -0.115832237 0.002001477 0.005110903 0.999984936 7.173012566
0.999999232 0.000387190 -0.001176938 0.012974240 -0.000392620 0.999989267 -0.004616552 -0.116358246 0.001175138 0.004617011 0.999988651 7.233039126
0.999996017 -0.000557818 -0.002766826 0.013710432 0.000545963 0.999990675 -0.004283829 -0.116251266 0.002769190 0.004282301 0.999986997 7.293726996
0.999996111 -0.001378628 -0.002424237 0.009647010 0.001371494 0.999994731 -0.002942208 -0.118916356 0.002428281 0.002938872 0.999992733 7.344204214
0.999988898 -0.002058449 -0.004238622 0.010258288 0.002038904 0.999987294 -0.004610256 -0.118475669 0.004248058 0.004601563 0.999980390 7.392550000
0.999987047 -0.001395279 -0.004894766 0.009011036 0.001363774 0.999978372 -0.006433932 -0.118735541 0.004903638 0.006427173 0.999967322 7.459525816
0.999992150 0.001064365 -0.003816612 0.005942989 -0.001087898 0.999980378 -0.006169311 -0.120784293 0.003809971 0.006173415 0.999973686 7.519633143
0.999982190 0.000911167 -0.005898221 0.007799208 -0.000946302 0.999981810 -0.005956912 -0.124159398 0.005892686 0.005962387 0.999964862 7.574429127
0.999980889 0.001919867 -0.005876797 0.006838857 -0.001966076 0.999967120 -0.007867234 -0.125768743 0.005861499 0.007878638 0.999951784 7.635030932
0.999972410 -0.001715159 -0.007227609 0.005464615 0.001662284 0.999971861 -0.007315390 -0.129275411 0.007239953 0.007303174 0.999947122 7.698857703
0.999941039 0.008648564 -0.006566710 0.003155371 -0.008649594 0.999962583 -0.000128468 -0.146044313 0.006565354 0.000185260 0.999978431 7.754000718
0.999941117 0.004747363 -0.009758292 0.009361162 -0.004732876 0.999987664 0.001507183 -0.156347412 0.009765326 -0.001460910 0.999951251 7.813421521
0.999930730 0.003125463 -0.011347499 0.011503108 -0.003116966 0.999994849 0.000766432 -0.152030883 0.011349836 -0.000731009 0.999935321 7.875961049
0.999967255 0.003444809 -0.007322782 -0.008799171 -0.003475759 0.999985064 -0.004218029 -0.131903763 0.007308142 0.004243343 0.999964292 7.931866493
0.999994656 0.001734947 -0.002771031 -0.029045697 -0.001749625 0.999984408 -0.005303114 -0.133948141 0.002761788 0.005307934 0.999982099 7.992241372
0.999998645 0.001602727 0.000376334 -0.046219595 -0.001601446 0.999993001 -0.003381253 -0.141981547 -0.000381751 0.003380645 0.999994213 8.039241958
0.999994517 0.001937728 0.002685332 -0.056726062 -0.001935059 0.999997632 -0.000996122 -0.149867841 -0.002687256 0.000990920 0.999995898 8.095143117
0.999986914 0.000460822 0.005095064 -0.069885621 -0.000444573 0.999994814 -0.003189654 -0.148512312 -0.005096508 0.003187347 0.999981933 8.149012727
0.999955099 0.001439078 0.009366354 -0.083642206 -0.001398367 0.999989554 -0.004351584 -0.150840604 -0.009372518 0.004338291 0.999946666 8.211018626
0.999931856 -0.000623628 0.011657372 -0.090488860 0.000669835 0.999991934 -0.003960276 -0.155118820 -0.011654808 0.003967815 0.999924208 8.256924364
0.999998337 -0.000148034 0.001817980 -0.055832584 0.000150246 0.999999249 -0.001216593 -0.152004786 -0.001817798 0.001216864 0.999997607 8.328422644
0.999957175 -0.002244377 0.008978402 -0.083566850 0.002192337 0.999980766 0.005801807 -0.160004030 -0.008991251 -0.005781875 0.999942862 8.368033006
0.999993315 -0.002776839 -0.002379086 -0.049054777 0.002783142 0.999992615 0.002650153 -0.154093305 0.002371710 -0.002656756 0.999993658 8.446793197
0.999984466 -0.002746649 -0.004850069 -0.039380493 0.002729242 0.999989824 -0.003592112 -0.147133498 0.004859886 0.003578819 0.999981787 8.517226758
0.999996209 -0.000880420 -0.002608858 -0.048320745 0.000864563 0.999981184 -0.006073300 -0.144516224 0.002614156 0.006071021 0.999978154 8.576175949
0.999991277 -0.000264657 -0.004168441 -0.042328033 0.000220696 0.999944398 -0.010542919 -0.132237284 0.004171000 0.010541907 0.999935733 8.638587538
0.999964244 0.000843052 -0.008414243 -0.030413601 -0.000850583 0.999999241 -0.000891489 -0.158548054 0.008413485 0.000898615 0.999964202 8.687674677
0.999947792 0.000540406 -0.010203936 -0.024946971 -0.000572577 0.999994875 -0.003150095 -0.147349504 0.010202182 0.003155773 0.999942977 8.753021431
0.999937093 -0.001493090 -0.011116647 -0.021679299 0.001447759 0.999990610 -0.004084646 -0.143954859 0.011122642 0.004068295 0.999929865 8.814732937
0.999959748 -0.000192843 -0.008970281 -0.026133535 0.000165430 0.999995315 -0.003056642 -0.148013515 0.008970829 0.003055035 0.999955094 8.865944705
0.999974394 -0.001355048 -0.007026697 -0.029147158 0.001331562 0.999993516 -0.003345966 -0.152541604 0.007031185 0.003336523 0.999969715 8.926839474
0.999981809 -0.001318259 -0.005885920 -0.030466969 0.001286509 0.999984620 -0.005394834 -0.152919693 0.005892941 0.005387164 0.999968125 8.980770493
0.999989548 -0.002431687 -0.003871894 -0.032797943 0.002412144 0.999984369 -0.005044109 -0.155058476 0.003884099 0.005034717 0.999979782 9.033994445
0.999988353 -0.002451554 -0.004157451 -0.026460719 0.002426500 0.999978932 -0.006020594 -0.153304022 0.004172123 0.006010436 0.999973234 9.093771964
0.999990059 -0.003230067 -0.003073942 -0.027025481 0.003211837 0.999977335 -0.005917180 -0.150734684 0.003092985 0.005907248 0.999977769 9.147661914
0.999997269 -0.001572342 -0.001729143 -0.028216633 0.001566455 0.999992989 -0.003401088 -0.156829414 0.001734478 0.003398370 0.999992721 9.205440868
0.999987197 -0.003493696 -0.003660697 -0.019968195 0.003475070 0.999981047 -0.005082231 -0.155081911 0.003678383 0.005069445 0.999980385 9.269490184
0.999993146 -0.001000742 -0.003564534 -0.017412304 0.000985345 0.999990189 -0.004318650 -0.157514477 0.003568821 0.004315108 0.999984322 9.322615148
0.999994279 -0.003093245 -0.001368596 -0.021486021 0.003087943 0.999987785 -0.003859304 -0.158732714 0.001380517 0.003855056 0.999991616 9.377857202
0.999996619 -0.002600446 -0.000016757 -0.024150447 0.002600368 0.999990036 -0.003628592 -0.161206606 0.000026192 0.003628536 0.999993416 9.436537443
0.999999169 -0.001146812 -0.000589175 -0.018287022 0.001144132 0.999989092 -0.004528453 -0.160289327 0.000594362 0.004527775 0.999989573 9.485562525
0.999994823 -0.003069908 0.000963960 -0.020882329 0.003073968 0.999986292 -0.004238687 -0.162922315 -0.000950934 0.004241628 0.999990552 9.542159650
0.999996512 -0.002379097 0.001147295 -0.020833580 0.002383264 0.999990521 -0.003643943 -0.164045844 -0.001138615 0.003646665 0.999992703 9.597801473
0.999988618 -0.004692145 0.000864337 -0.022033897 0.004694182 0.999986174 -0.002369936 -0.165103844 -0.000853205 0.002373966 0.999996818 9.646442687
0.999991529 -0.003763575 -0.001666518 -0.019085390 0.003761438 0.999992102 -0.001283582 -0.166562290 0.001671336 0.001277303 0.999997788 9.694681969
0.999979027 -0.005780141 -0.002921422 -0.018899810 0.005771068 0.999978528 -0.003104559 -0.168141982 0.002939304 0.003087634 0.999990913 9.746603818
0.999991572 -0.002663797 -0.003124232 -0.019384559 0.002650834 0.999987892 -0.004146005 -0.168010015 0.003135239 0.004137688 0.999986525 9.799947558
0.999983682 -0.004363503 -0.003687094 -0.020222345 0.004344478 0.999977290 -0.005152259 -0.168483824 0.003709492 0.005136156 0.999979930 9.848222063
0.999972243 -0.004181491 -0.006166758 -0.018854902 0.004151131 0.999979242 -0.004927821 -0.169871243 0.006187236 0.004902085 0.999968843 9.902442727
0.999975295 -0.003562500 -0.006059614 -0.021739256 0.003536572 0.999984569 -0.004284168 -0.169566172 0.006074783 0.004262632 0.999972463 9.948624175
0.999943523 -0.004902627 -0.009429505 -0.020628308 0.004886906 0.999986632 -0.001689601 -0.173035022 0.009437662 0.001643424 0.999954114 10.000100152
0.999908088 -0.005118239 -0.012554629 -0.020621191 0.005115615 0.999986886 -0.000241089 -0.174133926 0.012555699 0.000176842 0.999921158 10.048873606
0.999884933 -0.004542258 -0.014473744 -0.019756696 0.004542925 0.999989681 0.000013198 -0.174707220 0.014473534 -0.000078949 0.999895250 10.091802345
0.999841461 -0.005302754 -0.016998052 -0.020289447 0.005278744 0.999985006 -0.001457066 -0.175525373 0.017005524 0.001367107 0.999854461 10.140181367
0.999804553 -0.003072910 -0.019529773 -0.022742983 0.003053243 0.999994801 -0.001036746 -0.176708937 0.019532858 0.000976914 0.999808738 10.182411712
0.999741085 -0.003757347 -0.022442065 -0.023748288 0.003757432 0.999992940 -0.000038345 -0.177427731 0.022442051 -0.000045989 0.999748144 10.227500406
0.999670339 -0.003521392 -0.025432512 -0.022687640 0.003472292 0.999992022 -0.001974515 -0.177643373 0.025439262 0.001885555 0.999674591 10.267983078
0.999630284 -0.002356185 -0.027087714 -0.025019861 0.002258450 0.999990832 -0.003638126 -0.178093931 0.027096037 0.003575604 0.999626440 10.311817349
0.999473765 -0.004256570 -0.032157047 -0.024918353 0.004148239 0.999985497 -0.003434766 -0.179958495 0.032171201 0.003299563 0.999476927 10.351454860
0.999374372 -0.001573254 -0.035332562 -0.025726679 0.001464556 0.999994116 -0.003102104 -0.181394108 0.035337235 0.003048416 0.999370796 10.389453330
0.999260558 -0.000691205 -0.038442928 -0.027512994 0.000547332 0.999992808 -0.003752925 -0.182463979 0.038445246 0.003729109 0.999253750 10.428263734
0.999166016 0.000494005 -0.040829264 -0.029792304 -0.000667371 0.999990820 -0.004232620 -0.182752465 0.040826798 0.004256338 0.999157173 10.467226338
0.999115763 0.000735407 -0.042037496 -0.031282352 -0.000864153 0.999994992 -0.003044568 -0.184678834 0.042035047 0.003078203 0.999111395 10.502098251
0.999175178 0.000781532 -0.040599923 -0.033006785 -0.000839454 0.999998654 -0.001409620 -0.185932119 0.040598766 0.001442539 0.999174489 10.535886276
0.999167193 -0.000313084 -0.040802237 -0.034257768 0.000303937 0.999999927 -0.000230387 -0.187568038 0.040802306 0.000217794 0.999167215 10.571472051
0.999200003 0.000530358 -0.039988400 -0.036520436 -0.000566738 0.999999436 -0.000898454 -0.188028374 0.039987901 0.000920398 0.999199740 10.607191724
0.999195858 0.002046801 -0.040043076 -0.037195460 -0.002211825 0.999989242 -0.004077300 -0.187647733 0.040034300 0.004162589 0.999189635 10.639913768
0.999304248 0.001822781 -0.037251820 -0.040393701 -0.002069039 0.999976256 -0.006573158 -0.188461604 0.037238954 0.006645660 0.999284292 10.675961639
0.999352946 0.002834812 -0.035856014 -0.041668868 -0.003105051 0.999967179 -0.007483335 -0.189536951 0.035833623 0.007589828 0.999328948 10.709390651
0.999358397 0.001696939 -0.035775884 -0.042042155 -0.001965842 0.999970074 -0.007482479 -0.190897992 0.035762116 0.007548008 0.999331826 10.743181484
0.999472711 0.000599337 -0.032464460 -0.044045732 -0.000862489 0.999966884 -0.008092452 -0.191700776 0.032458535 0.008116186 0.999440129 10.777267746
0.999538673 0.001075511 -0.030352681 -0.045553124 -0.001320026 0.999966832 -0.008036909 -0.192875940 0.030343030 0.008073268 0.999506940 10.811504899
0.999571669 0.000948214 -0.029250273 -0.046141141 -0.001201660 0.999961880 -0.008648362 -0.193283969 0.029240958 0.008679806 0.999534705 10.844587042
0.999647866 0.000688560 -0.026526764 -0.047606073 -0.000914746 0.999963324 -0.008515529 -0.194749492 0.026519928 0.008536795 0.999611833 10.877187747
0.999706372 0.001457595 -0.024187695 -0.047738090 -0.001659839 0.999963815 -0.008343472 -0.195014650 0.024174659 0.008381170 0.999672617 10.912204730
0.999784151 0.000281203 -0.020774317 -0.048501327 -0.000423520 0.999976473 -0.006846523 -0.196412095 0.020771903 0.006853844 0.999760748 10.944630086
0.999847620 -0.000273289 -0.017454570 -0.049589368 0.000141913 0.999971658 -0.007527523 -0.196823829 0.017456133 0.007523899 0.999819321 10.977819856
0.999898576 0.000166395 -0.014241134 -0.050086819 -0.000274716 0.999971047 -0.007604558 -0.197614848 0.014239456 0.007607699 0.999869672 11.011685239
0.999932991 -0.000781795 -0.011549982 -0.049916129 0.000695310 0.999971707 -0.007490086 -0.198704742 0.011555511 0.007481553 0.999905244 11.044523136
0.999969581 -0.001020679 -0.007732789 -0.051294706 0.000964950 0.999973562 -0.007207208 -0.199940341 0.007739941 0.007199527 0.999944128 11.076123773
0.999985886 -0.000345852 -0.005301756 -0.051555487 0.000302374 0.999966339 -0.008199328 -0.200742751 0.005304414 0.008197609 0.999952330 11.107819030
0.999997005 0.000229255 -0.002436880 -0.051640526 -0.000252226 0.999955502 -0.009430263 -0.201202152 0.002434609 0.009430850 0.999952565 11.141268184
0.999999769 -0.000493274 0.000468660 -0.051404406 0.000496641 0.999973865 -0.007212669 -0.202927851 -0.000465090 0.007212900 0.999973879 11.173773988
0.999995542 -0.000333202 0.002967174 -0.051795081 0.000354467 0.999974240 -0.007168998 -0.203380752 -0.002964709 0.007170017 0.999969900 11.206884240
0.999988145 0.000884174 0.004788339 -0.051639177 -0.000846658 0.999968976 -0.007831354 -0.203858165 -0.004795114 0.007827207 0.999957870 11.241131536
0.999967565 0.001164661 0.007969486 -0.051952867 -0.001088652 0.999953945 -0.009535303 -0.204692862 -0.007980224 0.009526318 0.999922780 11.275314666
0.999956184 0.000537076 0.009345632 -0.052358520 -0.000427975 0.999931787 -0.011672140 -0.205680001 -0.009351264 0.011667629 0.999888204 11.307821824
0.999934327 0.001440597 0.011369549 -0.052149856 -0.001275508 0.999893851 -0.014514141 -0.206110308 -0.011389252 0.014498686 0.999830022 11.343509041
0.999942966 0.000277191 0.010676495 -0.052297617 -0.000115227 0.999884957 -0.015167709 -0.207061799 -0.010679471 0.015165614 0.999827962 11.377622524
0.999934217 -0.001154595 0.011411788 -0.052408330 0.001322587 0.999890715 -0.014724407 -0.208185637 -0.011393540 0.014738531 0.999826466 11.414206177
0.999936931 0.000719706 0.011207847 -0.050004703 -0.000542858 0.999875437 -0.015773920 -0.209215728 -0.011217804 0.015766841 0.999812766 11.454473067
0.999935685 -0.001141715 0.011283759 -0.052027546 0.001303281 0.999896593 -0.014321448 -0.210971230 -0.011266241 0.014335233 0.999833773 11.485193582
0.999957864 -0.000062794 0.009179640 -0.049941434 0.000213248 0.999865654 -0.016389904 -0.212108326 -0.009177378 0.016391171 0.999823537 11.520310415
0.999937181 -0.003728074 0.010570538 -0.049920536 0.003912094 0.999840225 -0.017441927 -0.214070167 -0.010503824 0.017482185 0.999792000 11.557802203
0.999919659 -0.008559785 0.009349070 -0.047656743 0.008733559 0.999786857 -0.018707386 -0.214198308 -0.009186946 0.018787534 0.999781290 11.590342597
0.999932912 -0.003811944 0.010938041 -0.049047022 0.003988117 0.999861948 -0.016130084 -0.214481225 -0.010875044 0.016172624 0.999810072 11.628046107
0.999929021 0.000657217 0.011896263 -0.048872886 -0.000536684 0.999948522 -0.010132427 -0.215360796 -0.011902310 0.010125323 0.999877899 11.663169967
0.999911680 -0.002731687 0.013006570 -0.048795481 0.002824864 0.999970443 -0.007150807 -0.215673032 -0.012986651 0.007186917 0.999889841 11.702633705
0.999895356 -0.001414143 0.014397156 -0.047378650 0.001552160 0.999952908 -0.009579758 -0.216409489 -0.014382930 0.009601102 0.999850464 11.737938830
0.999815772 0.000056310 0.019194245 -0.047293753 0.000245451 0.999876423 -0.015718753 -0.217732808 -0.019192758 0.015720568 0.999692204 11.775190460
0.999784974 -0.000116551 0.020736234 -0.044010043 0.000490029 0.999837745 -0.018006752 -0.219406103 -0.020730771 0.018013042 0.999622812 11.815340270
0.999699117 0.002705130 0.024379467 -0.043456170 -0.002258129 0.999829183 -0.018344083 -0.220247295 -0.024424926 0.018283512 0.999534460 11.854193574
0.999591709 0.001822336 0.028514793 -0.043579455 -0.001330451 0.999850156 -0.017259631 -0.220721022 -0.028541973 0.017214646 0.999444351 11.892513840
0.999447304 -0.002291116 0.033163799 -0.043381314 0.002753221 0.999899668 -0.013895073 -0.222151346 -0.033128636 0.013978700 0.999353336 11.934481902
0.999428002 -0.004284867 0.033545610 -0.039993255 0.004677906 0.999921231 -0.011646843 -0.223919002 -0.033493063 0.011797104 0.999369323 11.972657415
0.999321037 -0.003993976 0.036626665 -0.038990927 0.004398094 0.999930271 -0.010959507 -0.225138606 -0.036580339 0.011113153 0.999268921 12.011367431
0.999169888 -0.001961280 0.040690142 -0.040213730 0.002501114 0.999909480 -0.013220281 -0.226048097 -0.040660530 0.013311077 0.999084349 12.048263580
0.999064449 -0.001647561 0.043214714 -0.039380215 0.002339154 0.999869927 -0.015957984 -0.226393309 -0.043182801 0.016044140 0.998938352 12.085283356
0.998919967 -0.001268583 0.046446631 -0.038675742 0.002005096 0.999872940 -0.015814037 -0.226656114 -0.046420668 0.015890087 0.998795588 12.126681004
0.998843825 0.000100860 0.048072892 -0.034752676 0.000568255 0.999903161 -0.013904890 -0.226937962 -0.048069639 0.013916131 0.998747041 12.162976287
0.998723285 0.002163291 0.050468993 -0.032670883 -0.001545397 0.999923418 -0.012278838 -0.228761974 -0.050491691 0.012185167 0.998650144 12.204535352
0.998575386 0.000893980 0.053351663 -0.030861019 -0.000284425 0.999934615 -0.011431728 -0.230873565 -0.053358394 0.011400268 0.998510348 12.244241036
0.998374401 0.000487194 0.056994014 -0.030026373 0.000168787 0.999933809 -0.011504279 -0.232478160 -0.056995847 0.011495198 0.998308236 12.282216734
0.998235828 -0.000698408 0.059369556 -0.027138773 0.001405134 0.999928646 -0.011862945 -0.233315342 -0.059357035 0.011925439 0.998165581 12.317679319
0.998132730 -0.003856755 0.060960473 -0.024497208 0.004547174 0.999927040 -0.011191010 -0.234189207 -0.060912864 0.011447311 0.998077443 12.357293508
0.998077843 -0.005166606 0.061756982 -0.022145075 0.005884337 0.999917182 -0.011445643 -0.235248103 -0.061692733 0.011787042 0.998025587 12.397067754
0.998021977 -0.006389080 0.062540495 -0.019954706 0.007062683 0.999919346 -0.010555530 -0.236805055 -0.062468011 0.010976355 0.997986607 12.436180337
0.998057702 -0.005007542 0.062094663 -0.017146195 0.005729018 0.999918076 -0.011446377 -0.237473475 -0.062032258 0.011779887 0.998004626 12.478125198
0.998039463 -0.005504825 0.062345225 -0.014563169 0.006201196 0.999920472 -0.010981610 -0.238580203 -0.062279815 0.011346695 0.997994227 12.518679620
0.998091760 -0.003002876 0.061675129 -0.012940580 0.003710531 0.999928559 -0.011362573 -0.238995356 -0.061636602 0.011569738 0.998031598 12.557778034
0.998151827 -0.005680050 0.060503450 -0.010283998 0.006385354 0.999913826 -0.011470288 -0.240883874 -0.060433085 0.011835425 0.998102081 12.599217410
0.998277626 -0.005296784 0.058427088 -0.008217947 0.006006992 0.999910116 -0.011986526 -0.242652997 -0.058358347 0.012316852 0.998219715 12.639629205
0.998375867 -0.003370100 0.056870645 -0.004084607 0.004132768 0.999903033 -0.013298301 -0.243183865 -0.056820314 0.013511736 0.998292986 12.679217726
0.998493094 -0.002622644 0.054814803 -0.001532081 0.003365895 0.999903592 -0.013471386 -0.244633642 -0.054774188 0.013635587 0.998405659 12.720644349
0.998530086 -0.001882472 0.054167552 -0.001766254 0.002647367 0.999897752 -0.014052618 -0.245805833 -0.054135560 0.014175363 0.998432972 12.758257299
0.998664671 -0.002012225 0.051621959 0.000252446 0.002650204 0.999920924 -0.012293198 -0.248390289 -0.051593140 0.012413592 0.998591033 12.795766707
0.998788008 -0.003362443 0.049104057 0.001211075 0.003856224 0.999942917 -0.009964520 -0.249693943 -0.049067749 0.010141799 0.998743961 12.833929007
0.998996700 -0.002103017 0.044734444 0.003002334 0.002533426 0.999951027 -0.009566904 -0.248819072 -0.044712134 0.009670637 0.998953104 12.874342192
0.999212794 -0.003759175 0.039492535 0.004911245 0.004067091 0.999961934 -0.007719367 -0.250412495 -0.039462013 0.007873910 0.999190048 12.912756323
0.999437892 -0.003736650 0.033315733 0.008318311 0.003991218 0.999963322 -0.007577857 -0.249569920 -0.033286195 0.007706568 0.999416149 12.954716859
0.999549522 -0.005509589 0.029502501 0.006648233 0.005666443 0.999970239 -0.005235653 -0.252123922 -0.029472777 0.005400468 0.999550994 12.988320810
0.999660829 -0.006793103 0.025141233 0.006726861 0.006884498 0.999969998 -0.003550527 -0.253918029 -0.025116360 0.003722408 0.999677604 13.025829216
0.999780221 -0.007378932 0.019622974 0.007880175 0.007470554 0.999961515 -0.004599945 -0.254587654 -0.019588277 0.004745528 0.999796869 13.063922236
0.999836677 -0.007555292 0.016417566 0.005700024 0.007638012 0.999958421 -0.004981670 -0.255557540 -0.016379245 0.005106254 0.999852812 13.098360800
0.999893880 -0.006432186 0.013071179 0.008150994 0.006506954 0.999962666 -0.005685609 -0.255366871 -0.013034120 0.005770060 0.999898404 13.130247540
0.999927328 -0.005836623 0.010548535 0.007392975 0.005887115 0.999971333 -0.004761936 -0.257318318 -0.010520439 0.004823690 0.999933024 13.159940359
0.999960960 -0.005685863 0.006763777 0.006278057 0.005714908 0.999974499 -0.004282631 -0.259452712 -0.006739254 0.004321118 0.999967955 13.193720631
0.999971264 -0.007550928 0.000674346 0.010942382 0.007554804 0.999953796 -0.005943937 -0.258252488 -0.000629432 0.005948860 0.999982107 13.226759603
0.999968479 -0.007509983 -0.002576982 0.008378952 0.007493294 0.999951280 -0.006425644 -0.260371358 0.002625113 0.006406132 0.999976035 13.253714863
0.999931252 -0.004925376 -0.010641051 0.011399470 0.004803477 0.999922899 -0.011450845 -0.255924473 0.010696630 0.011398943 0.999877816 13.281891012
0.999830952 -0.002805334 -0.018171351 0.006082959 0.002571028 0.999913424 -0.012904845 -0.260319442 0.018205980 0.012855944 0.999751603 13.319581814
